0  0.0188197109177
0.000149333333333  0.135727571221
0.000298666666667  0.07164747712
0.000448  -0.0803314367665
0.000597333333333  -0.149946986628
0.000746666666667  -0.0647693276281
0.000896  0.0874418300403
0.00104533333333  0.148657910656
0.00119466666667  0.0563574338098
0.001344  -0.094682227462
0.00149333333333  -0.147162939334
0.00164266666667  -0.0474687447814
0.001792  0.100214505001
0.00194133333333  0.144227559069
0.00209066666667  0.0395134361796
0.00224  -0.10586325742
0.00238933333333  -0.140935090238
0.00253866666667  -0.0311805201718
0.002688  0.11022475489
0.00283733333333  0.138116231674
0.00298666666667  0.0226596878544
0.003136  -0.115222129639
0.00328533333333  -0.133957208645
0.00343466666667  -0.0137323124497
0.003584  0.1197848287
0.00373333333333  0.128903594405
0.00388266666667  0.00419649220065
0.004032  -0.123849068148
0.00418133333333  -0.123871424582
0.00433066666667  0.00494229367111
0.00448  0.127844546276
0.00462933333333  0.118130061092
0.00477866666667  -0.0142674786797
0.004928  -0.131884865565
0.00507733333333  -0.112507823194
0.00522666666667  0.0233647299335
0.005376  0.134256801268
0.00552533333333  0.106296923574
0.00567466666667  -0.0325046854767
0.005824  -0.137485715425
0.00597333333333  -0.0991522951657
0.00612266666667  0.0417315207579
0.006272  0.139477405653
0.00642133333333  0.0924035238159
0.00657066666667  -0.0509753943772
0.00672  -0.141024679451
0.00686933333333  -0.0851321524361
0.00701866666667  0.0590723848503
0.007168  0.142016036732
0.00731733333333  0.0776774343816
0.00746666666667  -0.067645871291
0.007616  -0.142492055493
0.00776533333333  -0.0687534537595
0.00791466666667  0.0761348323402
0.008064  0.141908419233
0.00821333333333  0.0608203069243
0.00836266666667  -0.0836794343659
0.008512  -0.141380678756
0.00866133333333  -0.0524311978799
0.00881066666667  0.0905833864444
0.00896  0.139523662512
0.00910933333333  0.0435126750996
0.00925866666667  -0.0978463915733
0.009408  -0.137083982802
0.00955733333333  -0.0342273861324
0.00970666666667  0.104300923785
0.009856  0.134365334467
0.0100053333333  0.0248295007983
0.0101546666667  -0.110365177357
0.010304  -0.13151480144
0.0104533333333  -0.0161647151194
0.0106026666667  0.116146221675
0.010752  0.126860543369
0.0109013333333  0.00619607278859
0.0110506666667  -0.121072987367
0.0112  -0.122968193818
0.0113493333333  0.00338844368895
0.0114986666667  0.126084639645
0.011648  0.117991550017
0.0117973333333  -0.0123131930787
0.0119466666667  -0.129685890431
0.012096  -0.112062527671
0.0122453333333  0.0209705161116
0.0123946666667  0.133019208122
0.012544  0.107285100561
0.0126933333333  -0.0294053042601
0.0128426666667  -0.135442855245
0.012992  -0.101463758872
0.0131413333333  0.0384671621326
0.0132906666667  0.138411004957
0.01344  0.0947195169031
0.0135893333333  -0.047479353289
0.0137386666667  -0.14103661834
0.013888  -0.0879211146896
0.0140373333333  0.0564827137583
0.0141866666667  0.142459133833
0.014336  0.080505461488
0.0144853333333  -0.064977897604
0.0146346666667  -0.143644176838
0.014784  -0.0729019934603
0.0149333333333  0.0733101608069
0.0150826666667  0.144816644129
0.015232  0.0667206186047
0.0153813333333  -0.0809936048994
0.0155306666667  -0.14485086711
0.01568  -0.0587559713432
0.0158293333333  0.0876788962612
0.0159786666667  0.14389658537
0.016128  0.0511241060337
0.0162773333333  -0.0953001314676
0.0164266666667  -0.142868521375
0.016576  -0.0429019525928
0.0167253333333  0.101639304422
0.0168746666667  0.141042344859
0.017024  0.0348703063429
0.0171733333333  -0.107396119291
0.0173226666667  -0.138693367124
0.017472  -0.0267998757332
0.0176213333333  0.112684489003
0.0177706666667  0.136125088332
0.01792  0.0186877670211
0.0180693333333  -0.117485097963
0.0182186666667  -0.131707462018
0.018368  -0.00971076488499
0.0185173333333  0.12195540544
0.0186666666667  0.127526381891
0.018816  0.000727110866295
0.0189653333333  -0.126853047388
0.0191146666667  -0.122242380817
0.019264  0.00867530793198
0.0194133333333  0.130426319295
0.0195626666667  0.11680381253
0.019712  -0.0168708230736
0.0198613333333  -0.132895485911
0.0200106666667  -0.111267185584
0.02016  0.0254165144643
0.0203093333333  0.135399731282
0.0204586666667  0.104924138438
0.020608  -0.034735158912
0.0207573333333  -0.13783260826
0.0209066666667  -0.0984893744243
0.021056  0.0428569517436
0.0212053333333  0.13859043101
0.0213546666667  0.0907170648037
0.021504  -0.0514718879138
0.0216533333333  -0.140170497212
0.0218026666667  -0.0833659956731
0.021952  0.0588197458195
0.0221013333333  0.140470744689
0.0222506666667  0.0764701769256
0.0224  -0.0663974125991
0.0225493333333  -0.14059395403
0.0226986666667  -0.0694697629903
0.022848  0.073507569785
0.0229973333333  0.140310658206
0.0231466666667  0.0616065498279
0.023296  -0.0807276057293
0.0234453333333  -0.139097636608
0.0235946666667  -0.0531061000325
0.023744  0.0873431678622
0.0238933333333  0.137733665769
0.0240426666667  0.0459858355632
0.024192  -0.0935638169952
0.0243413333333  -0.136055780061
0.0244906666667  -0.0372262814846
0.02464  0.0996168835065
0.0247893333333  0.13307608251
0.0249386666667  0.0290946152339
0.025088  -0.105174263137
0.0252373333333  -0.129880414293
0.0253866666667  -0.0204035662394
0.025536  0.110309967794
0.0256853333333  0.127003023672
0.0258346666667  0.0110370596782
0.025984  -0.115738689499
0.0261333333333  -0.12285214197
0.0262826666667  -0.00312848745829
0.026432  0.119593879886
0.0265813333333  0.11829238291
0.0267306666667  -0.00670926016676
0.02688  -0.124669055964
0.0270293333333  -0.113253498426
0.0271786666667  0.0157659948816
0.027328  0.127654225679
0.0274773333333  0.107109858734
0.0276266666667  -0.0242861684344
0.027776  -0.130676515377
0.0279253333333  -0.101514713229
0.0280746666667  0.0332214748953
0.028224  0.13340405918
0.0283733333333  0.0946904558005
0.0285226666667  -0.0418063449274
0.028672  -0.134675379348
0.0288213333333  -0.0877425187492
0.0289706666667  0.0501707388909
0.02912  0.136288715544
0.0292693333333  0.0815044600991
0.0294186666667  -0.058116474345
0.029568  -0.136799169442
0.0297173333333  -0.0740216800048
0.0298666666667  0.0658299333903
0.030016  0.137364652364
0.0301653333333  0.0664772631246
0.0303146666667  -0.0729535848596
0.030464  -0.137303460167
0.0306133333333  -0.0593314499421
0.0307626666667  0.0803247814962
0.030912  0.136457459113
0.0310613333333  0.0508429540327
0.0312106666667  -0.0873532396123
0.03136  -0.134407186977
0.0315093333333  -0.0418460503365
0.0316586666667  0.0943151466588
0.031808  0.133389448623
0.0319573333333  0.0341253239619
0.0321066666667  -0.100417303688
0.032256  -0.131328987001
0.0324053333333  -0.0260965547756
0.0325546666667  0.105916491387
0.032704  0.128202917154
0.0328533333333  0.0178010965285
0.0330026666667  -0.111277344482
0.033152  -0.125237086031
0.0333013333333  -0.00945238642528
0.0334506666667  0.116055511291
0.0336  0.121694391813
0.0337493333333  0.00146386793295
0.0338986666667  -0.119901951701
0.034048  -0.117519522597
0.0341973333333  0.00682177258433
0.0343466666667  0.123972227595
0.034496  0.112568664789
0.0346453333333  -0.0153086339915
0.0347946666667  -0.127283471194
0.034944  -0.107969182905
0.0350933333333  0.0225258556931
0.0352426666667  0.129140019754
0.035392  0.1029538856
0.0355413333333  -0.0295568903811
0.0356906666667  -0.130923974727
0.03584  -0.0962952784539
0.0359893333333  0.0383089349459
0.0361386666667  0.133449632598
0.036288  0.0900450313903
0.0364373333333  -0.046006834852
0.0365866666667  -0.134410901282
0.036736  -0.0841792012332
0.0368853333333  0.0528366617793
0.0370346666667  0.134676755599
0.037184  0.0771752125846
0.0373333333333  -0.0602231746223
0.0374826666667  -0.135097266966
0.037632  -0.0692140017392
0.0377813333333  0.0683246200701
0.0379306666667  0.13484244847
0.03808  0.0615161581585
0.0382293333333  -0.0747748589246
0.0383786666667  -0.133763375844
0.038528  -0.0539476187565
0.0386773333333  0.0814802184851
0.0388266666667  0.132374206826
0.038976  0.0458135633729
0.0391253333333  -0.0877369008702
0.0392746666667  -0.130620692272
0.039424  -0.0379256107143
0.0395733333333  0.0935710121781
0.0397226666667  0.127731555603
0.039872  0.0298369367255
0.0400213333333  -0.0989461381089
0.0401706666667  -0.124953508679
0.04032  -0.0211825036486
0.0404693333333  0.104415021125
0.0406186666667  0.121774183489
0.040768  0.0129416404143
0.0409173333333  -0.10915923287
0.0410666666667  -0.117289161124
0.041216  -0.0032192969288
0.0413653333333  0.113576609439
0.0415146666667  0.112349249942
0.041664  -0.00549699984395
0.0418133333333  -0.117973632887
0.0419626666667  -0.107372452874
0.042112  0.0147134679533
0.0422613333333  0.121058827314
0.0424106666667  0.101855810688
0.04256  -0.0230227633823
0.0427093333333  -0.123722863177
0.0428586666667  -0.0968227042624
0.043008  0.0300499023812
0.0431573333333  0.125500912072
0.0433066666667  0.0911830214352
0.043456  -0.0374841016424
0.0436053333333  -0.127344548648
0.0437546666667  -0.0848970561157
0.043904  0.0453716576613
0.0440533333333  0.128059877116
0.0442026666667  0.0784039670396
0.044352  -0.0527123776375
0.0445013333333  -0.128842219391
0.0446506666667  -0.0716107895206
0.0448  0.0596726125675
0.0449493333333  0.129250758444
0.0450986666667  0.064703142199
0.045248  -0.0664089491363
0.0453973333333  -0.128786992867
0.0455466666667  -0.0575939355174
0.045696  0.073297595451
0.0458453333333  0.127908886908
0.0459946666667  0.050416700048
0.046144  -0.0797321689326
0.0462933333333  -0.126920936243
0.0464426666667  -0.0429007390274
0.046592  0.0859417960414
0.0467413333333  0.125153843077
0.0468906666667  0.0344008396243
0.04704  -0.0915437495687
0.0471893333333  -0.122065399526
0.0473386666667  -0.025641864813
0.047488  0.0974003955283
0.0476373333333  0.119604713464
0.0477866666667  0.0181832072611
0.047936  -0.102298508929
0.0480853333333  -0.116281108774
0.0482346666667  -0.0101689428822
0.048384  0.106156704649
0.0485333333333  0.112452161793
0.0486826666667  0.00173859991004
0.048832  -0.110880111403
0.0489813333333  -0.108465811963
0.0491306666667  0.00628162092582
0.04928  0.114385592808
0.0494293333333  0.103943597145
0.0495786666667  -0.0142644300269
0.049728  -0.117655669721
0.0498773333333  -0.099466634425
0.0500266666667  0.0221651126749
0.050176  0.120046826184
0.0503253333333  0.0934500075287
0.0504746666667  -0.0299699857454
0.050624  -0.122190314848
0.0507733333333  -0.0885042225486
0.0509226666667  0.0373102012519
0.051072  0.124001076216
0.0512213333333  0.0822525705843
0.0513706666667  -0.0446466675862
0.05152  -0.12494923647
0.0516693333333  -0.0764704944521
0.0518186666667  0.0504950996591
0.051968  0.125536157058
0.0521173333333  0.0702318421023
0.0522666666667  -0.0576674248711
0.052416  -0.125733413359
0.0525653333333  -0.0640731676033
0.0527146666667  0.0636618225854
0.052864  0.125463338287
0.0530133333333  0.0574095666855
0.0531626666667  -0.0695640015941
0.053312  -0.124258598641
0.0534613333333  -0.0503603023996
0.0536106666667  0.0757109271807
0.05376  0.123488012653
0.0539093333333  0.0434015240146
0.0540586666667  -0.081226567169