0  -0.0068477194789
0.000149333333333  0.0215235814813
0.000298666666667  0.133634145311
0.000448  0.12769626948
0.000597333333333  -0.00879268975063
0.000746666666667  -0.135770023403
0.000896  -0.122175075749
0.00104533333333  0.0177476464524
0.00119466666667  0.138545524167
0.001344  0.116347943512
0.00149333333333  -0.026671145729
0.00164266666667  -0.141565009047
0.001792  -0.109727236538
0.00194133333333  0.0344309686476
0.00209066666667  0.142816022512
0.00224  0.103181647973
0.00238933333333  -0.0431102102184
0.00253866666667  -0.143483930869
0.002688  -0.0965299168368
0.00283733333333  0.0505568050598
0.00298666666667  0.14457960373
0.003136  0.0895158156823
0.00328533333333  -0.0577742651823
0.00343466666667  -0.144471692993
0.003584  -0.081317902717
0.00373333333333  0.0663664493403
0.00388266666667  0.144275158529
0.004032  0.0730308893103
0.00418133333333  -0.0739630383771
0.00433066666667  -0.144208145738
0.00448  -0.0646486597085
0.00462933333333  0.0808681939272
0.00477866666667  0.142625033596
0.004928  0.0563357073102
0.00507733333333  -0.0885194434921
0.00522666666667  -0.141042361043
0.005376  -0.0478005013312
0.00552533333333  0.0951532857321
0.00567466666667  0.138804435453
0.005824  0.0379741243799
0.00597333333333  -0.102353586969
0.00612266666667  -0.136305374556
0.006272  -0.0290979661708
0.00642133333333  0.109070183656
0.00657066666667  0.133250462337
0.00672  0.0195842258459
0.00686933333333  -0.114248081108
0.00701866666667  -0.129901662821
0.007168  -0.0104104862912
0.00731733333333  0.1194963506
0.00746666666667  0.125457551091
0.007616  0.000614325868211
0.00776533333333  -0.124443800092
0.00791466666667  -0.120630344288
0.008064  0.00908968226016
0.00821333333333  0.129069938778
0.00836266666667  0.115722291835
0.008512  -0.0173110131476
0.00866133333333  -0.132034193435
0.00881066666667  -0.109437684777
0.00896  0.0269754139202
0.00910933333333  0.13564128041
0.00925866666667  0.102939421532
0.009408  -0.036447679173
0.00955733333333  -0.137368772757
0.00970666666667  -0.0955227840573
0.009856  0.0457560866785
0.0100053333333  0.139885689097
0.0101546666667  0.0892451477779
0.010304  -0.0538167026402
0.0104533333333  -0.141072213178
0.0106026666667  -0.0813966676872
0.010752  0.0626211468799
0.0109013333333  0.141156249492
0.0110506666667  0.0731000828717
0.0112  -0.0708377676339
0.0113493333333  -0.141325024119
0.0114986666667  -0.0653817552558
0.011648  0.0781964481639
0.0117973333333  0.140679055698
0.0119466666667  0.0568456457142
0.012096  -0.086659369039
0.0122453333333  -0.14014836828
0.0123946666667  -0.0488907706228
0.012544  0.0929031139125
0.0126933333333  0.139132499067
0.0128426666667  0.0411915558781
0.012992  -0.0995381619052
0.0131413333333  -0.137154405785
0.0132906666667  -0.0320098583489
0.01344  0.106434372287
0.0135893333333  0.134314167578
0.0137386666667  0.0226642442304
0.013888  -0.113036087661
0.0140373333333  -0.13159447961
0.0141866666667  -0.0137613017037
0.014336  0.118419309435
0.0144853333333  0.127913411043
0.0146346666667  0.00435324204495
0.014784  -0.124384571227
0.0149333333333  -0.124035758631
0.0150826666667  0.00411340727261
0.015232  0.129057926311
0.0153813333333  0.120603412616
0.0155306666667  -0.012814930717
0.01568  -0.132585167074
0.0158293333333  -0.115209104166
0.0159786666667  0.0215282231122
0.016128  0.136970672299
0.0162773333333  0.110319927204
0.0164266666667  -0.0301772640125
0.016576  -0.139198514579
0.0167253333333  -0.104779929441
0.0168746666667  0.0376989395182
0.017024  0.142035348476
0.0171733333333  0.0990181267621
0.0173226666667  -0.0463005077282
0.017472  -0.143871903621
0.0176213333333  -0.0930584805444
0.0177706666667  0.0536420042935
0.01792  0.144863050867
0.0180693333333  0.0861445992811
0.0182186666667  -0.0616515135426
0.018368  -0.144662873512
0.0185173333333  -0.0779244840623
0.0186666666667  0.0693358684424
0.018816  0.14527073633
0.0189653333333  0.0697139787011
0.0191146666667  -0.0770927536047
0.019264  -0.144073270638
0.0194133333333  -0.0617860807073
0.0195626666667  0.0839700513692
0.019712  0.142353924448
0.0198613333333  0.0539127583549
0.0200106666667  -0.090565508798
0.02016  -0.140451325643
0.0203093333333  -0.0452292984343
0.0204586666667  0.0964646224702
0.020608  0.137974052097
0.0207573333333  0.0364364125857
0.0209066666667  -0.103061994207
0.021056  -0.135617122421
0.0212053333333  -0.0274893139457
0.0213546666667  0.10838782069
0.021504  0.131623178613
0.0216533333333  0.0186151577334
0.0218026666667  -0.113128988004
0.021952  -0.127922828984
0.0221013333333  -0.0103767270391
0.0222506666667  0.118420207662
0.0224  0.124312345054
0.0225493333333  0.00166782757386
0.0226986666667  -0.122114665968
0.022848  -0.119625980138
0.0229973333333  0.00653460385229
0.0231466666667  0.125944915261
0.023296  0.11463725372
0.0234453333333  -0.0160105589271
0.0235946666667  -0.129402022567
0.023744  -0.10948355651
0.0238933333333  0.0238624420954
0.0240426666667  0.132005600133
0.024192  0.103645791194
0.0243413333333  -0.0320048804065
0.0244906666667  -0.134143733695
0.02464  -0.0972058994467
0.0247893333333  0.0405679095146
0.0249386666667  0.136335969629
0.025088  0.0910483610051
0.0252373333333  -0.0483444506836
0.0253866666667  -0.137256033359
0.025536  -0.0838000089971
0.0256853333333  0.0570959783085
0.0258346666667  0.138498755837
0.025984  0.0760524384845
0.0261333333333  -0.0643801649316
0.0262826666667  -0.138351812362
0.026432  -0.0687158357965
0.0265813333333  0.0718602424308
0.0267306666667  0.137899026517
0.02688  0.0608039191979
0.0270293333333  -0.0793018379663
0.0271786666667  -0.136656493777
0.027328  -0.0521398981425
0.0274773333333  0.0869161279258
0.0276266666667  0.136159216595
0.027776  0.0440797102572
0.0279253333333  -0.0935907274562
0.0280746666667  -0.133315084704
0.028224  -0.0346907547121
0.0283733333333  0.0998827372204
0.0285226666667  0.131259688545
0.028672  0.0267071377518
0.0288213333333  -0.105509117744
0.0289706666667  -0.127832011412
0.02912  -0.0177782388641
0.0292693333333  0.110755295926
0.0294186666667  0.124286261772
0.029568  0.00920045505715
0.0297173333333  -0.115024240986
0.0298666666667  -0.120385735528
0.030016  -0.000972319976343
0.0301653333333  0.12016041542
0.0303146666667  0.116639160741
0.030464  -0.00751751521561
0.0306133333333  -0.123923434642
0.0307626666667  -0.111223495312
0.030912  0.016861364314
0.0310613333333  0.127714976847
0.0312106666667  0.106014686784
0.03136  -0.0265758197834
0.0315093333333  -0.131160781824
0.0316586666667  -0.100281606043
0.031808  0.0344138914753
0.0319573333333  0.133318178108
0.0321066666667  0.0943938008823
0.032256  -0.0423964791658
0.0324053333333  -0.135501141285
0.0325546666667  -0.0882028189019
0.032704  0.0504555692447
0.0328533333333  0.136369231152
0.0330026666667  0.0815137755469
0.033152  -0.0585192945713
0.0333013333333  -0.1381398781
0.0334506666667  -0.0755313974067
0.0336  0.0653987479468
0.0337493333333  0.13854417644
0.0338986666667  0.068004660552
0.034048  -0.072443689508
0.0341973333333  -0.137957665449
0.0343466666667  -0.060331120798
0.034496  0.079330088827
0.0346453333333  0.137179536303
0.0347946666667  0.0531161340355
0.034944  -0.0855817418191
0.0350933333333  -0.135649473597
0.0352426666667  -0.0463411502123
0.035392  0.0906423715597
0.0355413333333  0.133554225645
0.0356906666667  0.0383817382531
0.03584  -0.0966937021159
0.0359893333333  -0.131065620391
0.0361386666667  -0.0293955948256
0.036288  0.10278433886
0.0364373333333  0.127945367384
0.0365866666667  0.0215704474063
0.036736  -0.106938444507
0.0368853333333  -0.124649180394
0.0370346666667  -0.0133096895883
0.037184  0.111521284688
0.0373333333333  0.120731698767
0.0374826666667  0.00500063782968
0.037632  -0.115664320519
0.0377813333333  -0.116343005649
0.0379306666667  0.00383674835813
0.03808  0.119497211813
0.0382293333333  0.111085646423
0.0383786666667  -0.0123876385057
0.038528  -0.123009662498
0.0386773333333  -0.105885695859
0.0388266666667  0.0202180489963
0.038976  0.125303578966
0.0391253333333  0.0998433499392
0.0392746666667  -0.0287100651923
0.039424  -0.127596131928
0.0395733333333  -0.0945681485208
0.0397226666667  0.0367197934928
0.039872  0.129497501316
0.0400213333333  0.0882145737387
0.0401706666667  -0.0440951632056
0.04032  -0.130915271546
0.0404693333333  -0.0818007650561
0.0406186666667  0.0517701887971
0.040768  0.13176277024
0.0409173333333  0.074221120083
0.0410666666667  -0.0602964235782
0.041216  -0.131529323135
0.0413653333333  -0.0662605175112
0.0415146666667  0.068356516658
0.041664  0.131611948442
0.0418133333333  0.0575806903189
0.0419626666667  -0.0754051128421
0.042112  -0.129911968149
0.0422613333333  -0.0499393351507
0.0424106666667  0.0820662618415
0.04256  0.128928169093
0.0427093333333  0.0418629032685
0.0428586666667  -0.0881438769512
0.043008  -0.126415946771
0.0431573333333  -0.0343694650132
0.0433066666667  0.0933576196941
0.043456  0.124484445947
0.0436053333333  0.0266860055951
0.0437546666667  -0.0984211347072
0.043904  -0.122188480471
0.0440533333333  -0.0191855089147
0.0442026666667  0.103551953509
0.044352  0.118179205137
0.0445013333333  0.0109759559143
0.0446506666667  -0.107415893762
0.0448  -0.11413389039
0.0449493333333  -0.00251865701712
0.0450986666667  0.111721362548
0.045248  0.110444747611
0.0453973333333  -0.00501095792474
0.0455466666667  -0.115296265808
0.045696  -0.105993076847
0.0458453333333  0.0136885299115
0.0459946666667  0.118435124548
0.046144  0.100794880483
0.0462933333333  -0.021108304932
0.0464426666667  -0.121242225752
0.046592  -0.0954804780246
0.0467413333333  0.0291468276501
0.0468906666667  0.123455169347
0.04704  0.0897767103288
0.0471893333333  -0.0370687855318
0.0473386666667  -0.125203009905
0.047488  -0.0830499619447
0.0476373333333  0.0451963876386
0.0477866666667  0.126528802848
0.047936  0.0768069481529
0.0480853333333  -0.0522623215594
0.0482346666667  -0.127329824615
0.048384  -0.0703938734588
0.0485333333333  0.0594643453761
0.0486826666667  0.127405092148
0.048832  0.0628552926995
0.0489813333333  -0.0668176963645
0.0491306666667  -0.127328709503
0.04928  -0.0559381555397
0.0494293333333  0.0735086755015
0.0495786666667  0.126102351854
0.049728  0.0479597800586
0.0498773333333  -0.0796173963607
0.0500266666667  -0.125355396663
0.050176  -0.0411151238065
0.0503253333333  0.0855722066444
0.0504746666667  0.123259170249
0.050624  0.0330084909108
0.0507733333333  -0.0910493975483
0.0509226666667  -0.12099554695
0.051072  -0.0254198111431
0.0512213333333  0.0959939129002
0.0513706666667  0.118594601268
0.05152  0.0183810978782
0.0516693333333  -0.100219913823
0.0518186666667  -0.115250372628
0.051968  -0.0114136237226
0.0521173333333  0.104103900892
0.0522666666667  0.112126771886
0.052416  0.00393545570126
0.0525653333333  -0.107976827581
0.0527146666667  -0.108426435475
0.052864  0.00301002693848
0.0530133333333  0.111022841395
0.0531626666667  0.103890768082
0.053312  -0.010902210201
0.0534613333333  -0.114066349066
0.0536106666667  -0.0991534210252
0.05376  0.0185566065795
0.0539093333333  0.116232128591
0.0540586666667  0.0930708433376